name: py2
channels:
  - bioconda
  - defaults
dependencies:
  - _libgcc_mutex=0.1=main
  - _openmp_mutex=4.5=1_gnu
  - advntr=1.2.0=py27hf8a1672_0
  - bedtools=2.30.0=h7d7f7ad_1
  - biopython=1.68=py27_0
  - blas=1.0=mkl
  - blast=2.12.0=pl5262h3289130_0
  - bzip2=1.0.8=h7b6447c_0
  - c-ares=1.17.1=h27cfd23_0
  - ca-certificates=2021.10.26=h06a4308_2
  - certifi=2020.6.20=pyhd3eb1b0_3
  - curl=7.78.0=h1ccaba5_0
  - cython=0.29.14=py27he6710b0_0
  - decorator=5.1.0=pyhd3eb1b0_0
  - entrez-direct=16.2=he881be0_0
  - freetype=2.11.0=h70c0345_0
  - htslib=1.3=1
  - intel-openmp=2021.4.0=h06a4308_3561
  - joblib=0.14.1=py_0
  - jpeg=9d=h7f8727e_0
  - krb5=1.19.2=hac12032_0
  - libcurl=7.78.0=h0b77cf5_0
  - libdeflate=1.0=h14c3975_1
  - libedit=3.1.20210910=h7f8727e_0
  - libev=4.33=h7f8727e_1
  - libffi=3.3=he6710b0_2
  - libgcc-ng=9.3.0=h5101ec6_17
  - libgfortran-ng=7.5.0=ha8ba4b0_17
  - libgfortran4=7.5.0=ha8ba4b0_17
  - libgomp=9.3.0=h5101ec6_17
  - libnghttp2=1.46.0=hce63b2e_0
  - libpng=1.6.37=hbc83047_0
  - libssh2=1.9.0=h1ba5d50_1
  - libstdcxx-ng=9.3.0=hd4cf53a_17
  - libtiff=4.2.0=h85742a9_0
  - libwebp-base=1.2.0=h27cfd23_0
  - lz4-c=1.9.3=h295c915_1
  - mkl=2020.2=256
  - mkl-service=2.3.0=py27he904b0f_0
  - mkl_fft=1.0.15=py27ha843d7b_0
  - mkl_random=1.1.0=py27hd6b4f25_0
  - mmtf-python=1.0.2=py27_0
  - msgpack-python=0.6.1=py27hfd86e86_1
  - muscle=3.8.1551=h7d875b9_6
  - ncurses=6.3=h7f8727e_2
  - networkx=1.11=py27_1
  - numpy=1.16.6=py27hbc911f0_0
  - numpy-base=1.16.6=py27hde5b4d6_0
  - olefile=0.46=py27_0
  - openssl=1.1.1l=h7f8727e_0
  - pcre=8.45=h295c915_0
  - perl=5.26.2=h14c3975_0
  - perl-archive-tar=2.32=pl526_0
  - perl-carp=1.38=pl526_3
  - perl-common-sense=3.74=pl526_2
  - perl-compress-raw-bzip2=2.087=pl526he1b5a44_0
  - perl-compress-raw-zlib=2.087=pl526hc9558a2_0
  - perl-exporter=5.72=pl526_1
  - perl-exporter-tiny=1.002001=pl526_0
  - perl-extutils-makemaker=7.36=pl526_1
  - perl-io-compress=2.087=pl526he1b5a44_0
  - perl-io-zlib=1.10=pl526_2
  - perl-json=4.02=pl526_0
  - perl-json-xs=2.34=pl526h6bb024c_3
  - perl-list-moreutils=0.428=pl526_1
  - perl-list-moreutils-xs=0.428=pl526_0
  - perl-pathtools=3.75=pl526h14c3975_1
  - perl-scalar-list-utils=1.52=pl526h516909a_0
  - perl-types-serialiser=1.0=pl526_2
  - perl-xsloader=0.24=pl526_0
  - pillow=6.2.1=py27h34e0f95_0
  - pip=19.3.1=py27_0
  - pysam=0.15.3=py27hda2845c_1
  - python=2.7.18=ha1903f6_2
  - readline=8.1=h27cfd23_0
  - reportlab=3.5.26=py27he686d34_0
  - scikit-learn=0.20.3=py27hd81dba3_0
  - scipy=1.2.1=py27h7c811a0_0
  - setuptools=44.0.0=py27_0
  - six=1.16.0=pyhd3eb1b0_0
  - sqlite=3.36.0=hc218d9a_0
  - tk=8.6.11=h1ccaba5_0
  - wheel=0.37.0=pyhd3eb1b0_1
  - xz=5.2.5=h7b6447c_0
  - zlib=1.2.11=h7b6447c_3
  - zstd=1.4.9=haebb681_0
  - pip:
    - cycler==0.10.0
    - kiwisolver==1.1.0
    - matplotlib==2.2.5
    - pyparsing==2.4.7
    - python-dateutil==2.8.2
    - pytz==2021.3
    - subprocess32==3.5.4
prefix: /cluster/work/pausch/meenu/SV/tools/miniconda3/envs/py2
